3234
3587
3569
3453
3152
1182
2646
245
166
1611
1612
2952
2963
3588
2838
3052
3313
2340
936
3526
2245
9
459
3599
3514
3592
1512
1511
3254
3421
1943
1544
3597
3358
26
2730
3571
3333
63
3208
3085
134
3389
23
3237
3600
3189
2265
3590
3174
3019
2509
2355
2906
3324
3500
3461
1557
2895
1600
3058
3312
1261
729
3548
3450
2751
3454
945
3095
1802
1533
2856
3111
2943
870
1976
3455
1742
2095
3124
3282
3578
3527
1591
678
571
770
3276
2231
1856
102
2869
820
3346
3231
2378
2727
3518
981
3595
3360
282
3520
681
3348
3601
16
2476
1546
3593
2948
3594
2482
3602
1596
3384
3580
487
535
2074
1296
2255
3263
2001
2619
3230
2397
2991
2218
121
3603
2597
926
3581
3604
3155
3589
3605
3050
2244
1024
3371
1769
2436
3265
601
3530
3498
3559
3586
2093
3577
3572
1224
3561
3598
1158
3294
946
3425
1257
3437
3532
3219
962
544
3330
2572
3491
2574
3232
3418
1568
3185
3220
2299
