2289
1473
2918
1093
3427
3441
3038
3587
1182
3518
3460
1834
2653
3551
2783
3569
3218
3234
3250
3429
97
1611
1612
3537
2416
3472
3588
2855
3499
2244
3514
276
2942
2998
2864
278
17
3085
1263
3589
1546
3097
3548
3539
1983
3013
3057
2869
3590
3571
674
3507
200
2425
3123
3170
2905
2967
986
2657
2696
3221
3513
1759
3504
3541
3461
3576
3298
820
3286
3276
1152
3464
432
3584
3585
3591
226
2001
1820
2588
2093
118
2895
3182
3110
3109
2235
3166
2039
3100
1873
1976
870
1556
3229
3012
836
3155
1964
1596
1711
3490
3545
3536
3580
3592
3508
3391
3047
2924
282
606
3579
3414
3534
3318
3288
213
3593
3538
1401
3285
2619
753
3394
41
3572
3355
2889
3544
3434
2568
2476
2861
3349
882
3463
2814
2853
2989
3581
3069
244
2073
2423
2211
2555
894
910
2758
3423
3252
3594
3072
1106
3586
3084
1541
3271
2458
134
2288
2984
3595
1561
3597
2835
3426
3491
544
3577
3265
3233
671
3470
2307
3515
616
3509
3510
3561
567
408
2830
1521
3451
3050
3306
121
2341
3598
2569
3530
2537
3403
3469
1650
3503
3526
850
3220
3380
587
2702
