876
612
3133
2918
539
3170
3123
3038
2783
3414
1546
3359
3218
3415
3219
3250
235
679
1484
3072
3152
3082
3409
2581
2952
2963
3368
2991
3047
2955
1880
1397
3404
2905
525
606
2470
3360
3416
2657
459
9
16
3417
2997
2396
3330
601
678
1982
3311
1090
3211
2098
3335
3172
3189
3367
2630
3349
2861
3257
3208
2555
2578
2482
3310
2589
2906
3358
1161
3236
2493
3131
3085
3386
3387
1106
2919
2120
1263
3313
1055
2572
1532
2855
3412
882
3312
3418
2586
3376
3391
2255
3100
3365
3354
1434
2814
2924
167
2948
3229
1619
3318
3306
2248
2967
3269
3079
2454
3332
3314
255
3293
331
