3425
1473
3441
3558
2001
3546
1182
3460
3152
3486
1834
2416
3536
3551
3563
936
2340
3330
3454
1401
928
3205
1956
3498
3559
3499
3523
3496
3014
1581
2869
3500
3282
3547
2476
3556
3189
3504
3557
97
3534
245
3537
2218
2998
396
3426
3254
2572
3421
1591
432
3019
26
3358
3085
166
3311
1873
3389
2952
2586
945
282
3124
571
1880
3564
3565
3545
1161
320
3513
2853
3298
3566
606
3550
3522
2696
3491
3562
2045
3567
3445
1496
3451
3312
3509
3510
3538
3095
3568
3548
3514
3524
3346
1561
3260
41
1715
910
2832
932
3231
3437
2346
3252
3569
3278
3349
3174
962
2588
3570
2730
3271
3393
1492
3530
