16
23
26
77
118
126
164
185
213
222
255
259
276
282
295
432
443
535
539
544
560
567
571
598
601
606
618
729
752
754
804
808
870
945
981
1001
1158
1194
1207
1224
1261
1299
1319
1397
1434
1473
1511
1568
1593
1594
1596
1600
1670
1706
1714
1749
1789
1795
1813
1843
1871
1880
1884
1901
1914
1943
1963
1980
1989
2001
2072
2142
2231
2239
2245
2248
2262
2272
2280
2341
2355
2393
2397
2400
2401
2423
2436
2493
2502
2523
2572
2586
2619
2630
2638
2656
2671
2694
2714
2716
2790
2828
2846
2919
2924
2948
2952
2963
2991
3019
3043
3058
3072
3073
3084
3110
3153
3179
3180
3189
3203
3204
3214
3218
3226
3230
3231
3241
3250
3254
3255
3261
3271
3276
3282
3283
3284
3288
3293
3294
3298
3311
3312
3314
3322
3324
3330
3331
3332
3334
3335
3340
3344
3346
3348
3349
3350
3351
3354
3358
3359
3360
3363
3364
3365
3367
3368
3369
3370
3371
3372
3377
3380
3381
3382
3383
3384
3385
3386
3387
3388
3389
3390
3391
3392
3393
3394
3395
3396
3397
