3425
3133
3436
1473
539
3042
1483
3072
3412
876
1093
245
752
3427
3440
1880
3438
3421
2963
3368
2838
3404
2998
3414
3325
3429
3082
1600
3454
3324
3113
2969
3437
3237
3389
1556
3370
1090
3211
2057
3355
2795
3226
3430
3455
1316
1956
3419
17
3434
1982
3381
2396
1153
1871
3221
729
3085
3131
26
770
1513
396
3364
3208
874
3223
3358
432
1055
3311
3386
3124
2425
200
3451
1152
3441
2779
1149
1150
3456
2696
179
3069
3252
3377
3307
679
3349
3450
3312
3318
3391
2984
910
3298
2355
639
3449
3019
3260
2758
3423
1319
2509
2313
3457
2924
3230
3231
3174
3435
560
2120
3458
1561
2458
282
3278
3459
2648
850
222
3453
3403
3346
2497
6
3285
