3441
2853
3546
2001
1182
3282
1581
1401
2952
2963
3537
166
97
3536
3515
936
2340
2735
78
1511
1512
3523
2574
1296
459
9
3500
3504
2416
3493
3507
3330
3547
3283
3506
2795
3208
2346
571
3539
3520
2756
2569
3421
2942
3254
396
3534
200
3425
1544
2476
3461
2869
276
278
1532
280
1161
3381
3389
3221
3551
3448
3174
1980
3237
2656
26
3019
2861
2714
2397
2355
1715
3312
3324
1557
3058
3454
945
1690
2895
2045
3124
2619
3552
2906
222
1943
3026
3545
3260
3231
1492
2943
2231
2436
560
2069
1742
3346
1596
3527
836
3510
3538
3082
3548
1397
3524
729
1354
462
2264
3550
2072
3513
1149
1150
640
3522
3358
2948
3469
3553
2838
1834
282
1667
3318
2218
535
44
932
3481
3463
2860
2458
16
3474
1813
3445
2523
3386
3450
2597
1617
3426
1749
853
3476
3477
3311
3349
2586
2074
3049
3482
3502
2758
3498
3554
3285
946
3530
1856
3288
3252
1434
612
894
2638
3333
850
3532
3367
3294
567
3219
3437
2671
3514
2470
24
23
3509
2517
1257
3195
544
3298
2299
3185
3470
962
3380
3533
3555
2816
