3042
2442
3412
1093
671
3440
3427
3429
3073
1674
1956
752
1182
3460
2537
3083
1805
118
1496
3082
2251
3472
1662
1663
3425
2795
2051
3419
2072
2832
459
926
2141
3465
3464
3283
3462
1871
3475
2630
3476
3477
3421
3453
1090
3430
2355
3389
3454
3450
3047
3174
320
3237
3296
698
179
3019
3058
3332
3285
3445
3261
1397
3189
3459
2727
1492
2400
3455
3468
1001
2090
612
1596
1147
3463
2860
2943
3448
1544
3478
396
2671
2827
2235
3230
147
3466
2922
3479
850
1594
2120
1050
3070
2039
3480
3346
2619
678
3043
3044
3481
1667
3179
3470
3376
2248
1149
1150
598
1711
2203
3231
3226
3358
3271
3461
3368
1976
3482
3006
166
2779
1513
544
3467
3393
606
949
3469
3483
729
618
3441
2425
3434
222
324
259
3426
3252
1456
1055
3484
3180
2514
2262
78
2997
1561
1152
1261
803
2799
2638
3435
1434
3195
443
3386
23
511
3312
556
539
1163
1184
2178
3162
2523
3436
3294
3232
3437
3451
1153
3485
2483
3418
3288
473
2767
3367
3298
3380
3473
3375
1873
2517
223
3088
