3133
2289
1473
2918
2783
539
3170
3123
3038
3218
3072
3330
3250
2369
1789
1093
3325
3440
3427
3057
2895
3368
2952
2955
3429
2991
3457
2998
244
1182
3460
2090
1397
752
567
3461
3419
134
2848
2772
2855
2864
2953
3354
3334
3412
1973
1983
3389
17
3013
1594
556
3421
3462
1759
571
3453
1055
2905
3358
3454
1982
3221
2425
1805
3430
3124
3463
3208
3260
3459
770
2307
3324
2861
3464
1332
1152
3370
2487
3391
678
3455
945
3384
3465
1943
2555
2470
3431
2906
523
2559
2588
3448
3466
432
3314
3296
3393
2339
3467
3166
2832
3095
560
1483
3069
3468
853
2948
1149
1150
3434
2919
3469
3088
3360
1964
1081
2735
1319
3470
1532
3452
2730
3300
2073
2924
2942
2069
276
2568
3355
535
3257
1674
3450
3471
876
3311
3371
278
78
3012
2265
1513
3211
3426
3441
2093
882
3414
3317
3349
3432
3445
3229
3472
3444
3230
16
2218
1161
2989
3394
3423
1619
2945
2967
3115
1956
324
2436
2650
3387
2984
2799
3110
2828
3473
1561
3435
2203
1372
3100
3376
3474
3306
1000
3386
2696
2288
3364
2493
2814
3273
2597
836
2528
3049
3436
3318
3403
1600
525
3233
2572
3220
3294
3286
3310
3219
3437
1496
3451
3293
2352
894
850
3113
962
2574
3367
2656
3196
3214
282
3365
3185
3380
3085
3131
3008
223
3322
2816
