1473
3441
1093
2918
3218
2289
3427
3250
1182
3460
2442
3123
3170
3536
3072
3486
3440
3282
3546
3453
154
166
97
3515
2991
3537
2998
3508
3472
3496
3506
3504
3523
1254
3539
3430
3448
2416
2814
3547
17
2346
3517
2756
2141
3521
2677
3534
3545
3520
2714
2024
2779
2245
2783
280
2356
1556
2265
3548
2905
2425
3514
2001
1711
1976
2919
432
2727
1600
1759
770
3429
3464
2307
2248
2775
3445
245
1152
3455
2645
3461
1492
1769
3394
2588
1581
1445
2231
2429
2555
2235
3527
3166
3047
3510
3538
3026
3524
1401
3360
3042
2657
1964
3549
41
2924
3057
3490
1596
1397
3414
3522
3550
3513
1557
3069
1081
3214
882
3476
3477
1860
3229
3012
2853
2751
2568
2835
2730
2967
3115
3492
616
3355
3544
244
2832
3110
3109
2984
3334
3333
3100
3070
1383
1561
2288
678
255
221
2828
544
1983
3403
3233
1112
1257
3376
3371
3230
3451
3532
1820
3418
3463
3530
2855
894
3286
3008
3367
3038
3541
2638
486
3503
587
