9
17
62
126
164
185
213
244
245
259
278
408
443
459
473
525
530
544
571
587
601
606
618
678
729
836
850
876
882
894
926
952
994
1034
1081
1150
1230
1263
1305
1332
1372
1483
1522
1545
1556
1561
1593
1594
1600
1619
1650
1706
1727
1759
1787
1813
1816
1870
1884
1901
1964
1982
1983
2045
2060
2098
2104
2120
2141
2142
2218
2231
2255
2265
2288
2289
2307
2324
2339
2352
2356
2378
2458
2470
2482
2493
2514
2555
2569
2574
2581
2586
2597
2638
2657
2696
2714
2727
2730
2735
2751
2772
2775
2779
2783
2795
2814
2816
2830
2832
2835
2837
2848
2855
2861
2864
2889
2893
2895
2905
2906
2916
2918
2924
2942
2943
2945
2952
2953
2956
2962
2963
2967
2984
2989
2991
2995
2998
3012
3038
3047
3057
3066
3069
3072
3083
3085
3088
3095
3100
3113
3115
3123
3131
3133
3152
3166
3169
3170
3172
3174
3185
3187
3189
3203
3204
3208
3211
3213
3214
3219
3221
3229
3232
3233
3234
3236
3237
3247
3252
3257
3260
3269
3271
3276
3284
3285
3290
3293
3300
3306
3310
3311
3312
3314
3317
3318
3319
3322
3324
3325
3328
3330
3334
3335
3340
3344
3346
3348
3349
3350
3351
3354
3357
3358
3359
3360
3363
3365
3367
3368
3369
3370
3371
3375
3376
3377
3380
3381
3382
3383
3384
3385
3386
3387
3388
3389
