3234
3218
3123
3170
3255
2783
3250
3404
3409
3318
2952
2963
3368
3427
2991
1093
3057
2751
3415
3335
3172
3038
2918
3428
2735
3419
1973
2168
3421
3412
2397
1600
1546
3414
1406
1490
1263
2714
2864
2772
2953
2848
1066
3208
3355
1676
1055
2905
1496
1711
3429
3389
3430
2245
2045
1870
3257
3431
3360
3305
1759
2855
770
396
3204
9
459
2307
3247
259
3260
2265
2425
530
2630
2436
3269
2069
3115
3213
1737
2919
3314
1372
432
2120
2730
2248
3008
3082
3371
2339
23
945
1556
222
3236
1150
3391
3403
1106
2400
2203
2924
1354
3432
639
1648
2967
78
154
874
3433
3229
3387
1749
3434
1373
535
910
1081
1161
282
894
3381
3364
3088
606
3006
1619
853
3311
1261
612
3423
2758
2861
2799
882
2586
1561
3377
3426
3100
678
3047
2437
1884
3300
3317
3232
3425
2528
2572
2429
965
3406
3376
2846
3354
3386
2493
1224
3435
2262
556
3330
3436
3306
3378
808
3375
2255
3310
3219
3437
3293
2926
2574
2517
3418
3365
1873
3214
804
3380
3085
3131
223
3322
3196
3367
2816
