3234
3133
2962
2289
1473
539
3359
3409
981
3404
1483
3296
3425
3368
2963
3061
1093
3072
3427
3082
2775
3403
3083
1871
3285
471
1956
1805
3236
200
3414
3419
1512
1511
3438
62
3384
1581
3283
2714
1090
3211
1674
1546
1496
3355
3421
3415
12
3439
3037
3325
3389
1025
3429
2098
3428
3358
3174
3440
1066
17
26
729
3221
3441
770
1055
698
3124
3019
3430
396
2656
3196
3312
2555
3237
1596
2425
1880
2355
2356
1943
2120
2906
2943
1147
3442
3058
2727
118
16
3271
850
2470
3262
3261
2919
3377
3166
3370
3346
2559
1397
1150
3431
1676
1106
571
511
2141
3230
2924
3391
910
2998
3375
1437
1532
370
3324
2860
3288
3434
2060
2073
780
2948
2568
3043
3012
3069
3110
3006
3443
3311
3313
2685
2341
3231
3432
2895
678
3331
3444
3113
1224
3305
1299
1983
2945
2506
2203
2997
2597
282
3214
3349
2779
3426
3084
3376
1600
1561
2984
3445
2171
2458
3386
3226
982
2899
3233
929
1434
259
2493
1964
1161
2218
3286
3435
2523
1813
2426
2830
3153
3294
3437
3365
3008
2528
544
962
1153
3220
1742
3195
3418
473
894
3298
3185
1058
754
1568
3293
3380
3367
24
2514
