2289
3436
2783
3218
2918
3072
3038
3152
3486
3170
3123
2853
3250
3453
752
814
3330
3429
2991
3454
3500
2735
3499
2864
2772
2848
3504
1880
3472
3369
2952
2024
1805
3501
3189
3430
2026
1973
1956
1473
3252
9
459
97
3419
3496
26
3493
3505
2855
3506
1983
3013
3462
17
198
2425
2942
2171
571
164
320
3471
2905
3498
3488
200
3358
934
3221
102
280
1759
2245
2265
3507
2696
3461
2487
3459
1492
3384
12
770
2321
3497
1600
3095
3260
698
1544
3247
3465
1299
3391
3508
2397
2307
3509
3298
3510
2922
3464
2943
2767
3455
3476
3477
936
2588
3467
3511
1619
3187
3115
3475
3479
3489
215
3414
2827
1372
2758
221
1594
870
3166
2074
2429
2400
3480
1081
2677
678
2339
3502
3438
3020
2656
2072
1158
3360
3490
2924
3484
3450
2657
1964
3229
2998
1163
3512
1354
3513
3213
2860
560
598
2967
396
2090
3406
3375
3482
3012
2073
3334
3354
3306
1976
3355
882
278
276
1150
1149
2470
2597
1373
2730
2650
2727
2282
612
2889
3305
2832
462
853
1522
2586
3483
1598
1546
3514
588
3100
2792
2001
1769
2828
3394
244
2945
3426
3367
2244
1050
567
3515
2814
3153
2984
3110
1434
448
3491
3233
2861
3364
3463
3451
147
2574
2178
3492
544
2493
808
3516
1332
23
3445
729
3232
2218
2517
850
962
3365
3286
3276
3503
1058
754
2191
3517
3470
