2442
1093
164
1581
3042
3152
3486
3427
3440
1182
3460
1149
3453
752
3073
3088
3305
3472
2853
1742
3419
3448
3493
3318
3434
3494
2168
1511
1512
1769
1787
3283
26
1090
3211
2997
200
459
981
3058
3430
2141
567
3462
3478
1025
3495
3189
3019
3389
3496
3455
3421
3237
3469
2355
3174
3358
3057
280
2090
3285
3332
3497
1544
3124
3468
3498
2586
16
3298
1880
530
3429
3481
3346
3461
3488
1385
2356
2767
3463
2555
3231
1943
836
3273
1749
3230
1594
2671
2906
3465
179
83
221
2856
1665
29
1296
3459
3480
3121
2919
3312
3484
312
3499
3490
3433
3467
3482
3500
2656
3288
3445
3047
3349
2821
2563
3502
1473
3470
282
3334
3354
2436
2948
2895
3454
2458
3441
3317
910
1397
1596
2779
395
3371
3384
2248
3386
2899
462
276
3069
259
3425
3271
876
1561
3483
2751
946
934
2926
729
1261
324
1813
681
302
3226
2568
78
3387
544
195
3376
3232
1383
1904
2810
3426
3393
2262
3451
2638
3503
3294
2799
3473
3437
1492
2203
2795
1153
2299
2523
3492
3195
3418
3070
3491
3214
3380
2816
