3441
3484
3486
3152
3042
1789
1093
3427
2442
164
93
2853
3440
1182
3460
3518
3461
97
2090
3501
3429
2838
3515
3453
2288
3506
3504
3500
3499
3511
3507
3472
3346
3057
3430
1544
3513
3314
1546
1598
3070
2555
3421
3493
3205
9
3467
2168
3419
1880
3220
3131
26
3085
3278
1152
3313
3208
3247
3286
3276
1149
1150
3519
3490
3462
2998
2572
1612
1001
3512
3517
3389
3455
3438
280
3019
2630
3237
3498
3464
3450
1163
1980
567
396
2067
945
3483
3334
3354
3069
3312
1496
3124
3454
222
3520
1561
2569
2436
3058
3475
3479
3489
3376
2846
3482
3509
3510
2024
2835
2248
3230
1904
1873
2751
3008
3231
3386
3288
432
3047
1233
1749
2792
3403
3285
3195
3088
