1473
2918
1093
3427
2442
2853
2369
1789
2288
1182
3460
2289
3026
3123
3170
1581
3152
3546
3486
3440
3250
3453
3537
97
3515
3471
3536
1834
2953
2772
3539
2864
2848
2416
3500
3472
2991
1690
9
459
3556
3504
2998
3499
2245
3254
3429
3547
1805
2141
2346
3496
3513
17
3551
2814
2783
396
2869
1263
1025
3545
2997
1591
2779
26
3430
2264
3355
3085
3463
1956
2026
3082
2905
3014
2487
2168
2855
3508
3414
280
1880
2922
2425
3534
1600
3324
2714
2307
3058
2962
221
3520
1021
1001
560
1152
2630
3450
2775
2555
3057
1619
3532
2751
3455
2741
2835
2889
1492
2203
215
3449
770
2231
3433
3527
2677
3166
3516
2001
3510
3538
928
3047
1081
3306
2339
41
820
678
2619
598
1401
3313
2476
1254
2489
3524
276
3012
3464
3229
3522
3550
3490
1964
3523
3360
2924
1149
1150
1445
2727
2960
2060
3043
2967
3115
2919
3548
3317
3300
3213
3230
244
3394
1261
1759
1856
3069
3214
882
2436
3554
1983
1596
3514
1860
3557
3476
3477
1769
803
2650
1158
3384
2899
2984
3519
3530
1787
3540
3371
3492
2028
3110
1161
3558
2051
3498
3559
2638
3233
3376
2262
606
3436
3469
255
1224
3560
511
2671
3533
3561
1496
544
1153
3286
3367
3008
3418
3562
3403
3185
3503
1793
1792
1650
