9
17
24
26
62
78
126
167
213
244
255
282
298
320
324
370
396
432
448
459
461
523
525
539
556
587
601
606
678
820
870
882
894
962
982
1081
1150
1224
1342
1354
1473
1483
1496
1512
1522
1556
1561
1594
1600
1619
1648
1650
1706
1759
1805
1871
1880
1964
1973
1982
1987
2026
2045
2047
2051
2060
2073
2141
2178
2218
2255
2265
2280
2288
2339
2369
2397
2429
2437
2458
2470
2482
2487
2493
2506
2514
2528
2555
2568
2574
2581
2588
2638
2657
2671
2696
2714
2716
2727
2730
2735
2772
2779
2783
2795
2814
2816
2827
2830
2848
2855
2864
2875
2889
2895
2897
2899
2905
2906
2918
2922
2924
2942
2943
2945
2952
2953
2963
2967
2984
2989
2991
2995
2998
3008
3012
3037
3038
3042
3047
3066
3072
3085
3088
3095
3100
3113
3115
3123
3133
3152
3166
3167
3172
3174
3187
3189
3195
3203
3204
3205
3207
3208
3211
3213
3214
3218
3219
3226
3229
3232
3233
3234
3236
3237
3238
3247
3250
3252
3269
3271
3282
3284
3285
3286
3293
3294
3296
3300
3305
3310
3311
3312
3313
3314
3317
3318
3322
3324
3325
3330
3334
3335
3344
3346
3349
3351
3354
3358
3359
3360
3363
3364
3365
3367
3368
3369
3370
3371
3375
3376
3377
3381
3382
3384
3385
3386
3387
3388
3390
3391
3393
3394
3396
3398
3399
3400
3401
3402
3403
3404
3405
3406
3407
