1182
3460
3518
3330
2853
2369
1789
3282
1782
3486
3152
671
3515
1401
97
2952
2963
3501
3073
3499
3312
327
3381
936
2340
3507
2024
1742
3521
1512
1511
1805
3365
3189
3334
3354
3506
3493
2168
3421
2795
3313
3496
3283
3523
1544
2942
571
3252
3495
1496
3504
2346
3534
3535
530
1025
3498
1880
3511
2436
2943
2906
3221
3174
3358
3237
3520
3389
3332
3285
2696
3448
3058
2355
459
3417
1001
3536
3324
1254
3528
3384
3529
3476
3477
3019
3537
1594
3470
876
2922
1492
2827
3298
3124
3510
3538
1715
3314
1820
3346
3527
2650
2339
3425
3531
3517
3533
2416
3524
1521
1445
3311
3454
3450
1147
41
2060
3043
2948
2308
3539
3490
3522
2073
1523
588
3020
3463
2072
462
134
910
12
535
1648
926
3153
3467
3349
1161
3500
2255
598
1856
3516
2758
170
3231
1532
2045
2597
3530
282
2671
2586
302
3540
3492
3232
3513
3541
3542
2400
3288
3214
3247
16
1434
3462
23
78
729
2792
3266
3543
3544
932
3532
3294
2341
544
3509
1332
3437
3219
1153
1972
2638
1650
808
2218
2574
2299
259
962
3185
3503
3271
1058
754
3519
3469
3367
3545
473
