3133
1473
2289
2918
539
3441
3038
2369
1789
3072
2991
3250
3123
3170
3330
3427
3325
1182
3460
3429
2783
3486
3152
104
3368
2864
2998
3471
3305
1600
154
3453
166
3472
471
198
3464
567
2855
2218
3462
1973
17
1983
1759
131
3208
2657
3431
3221
3430
2171
3454
2942
3313
2905
2619
2425
2810
3487
12
24
23
945
530
3488
280
2586
3324
2307
3459
3260
770
1492
1880
1964
3450
2090
3482
2045
3465
3115
2671
874
1769
2470
3475
3479
2588
2574
410
3489
3455
3466
3467
2235
1594
432
3230
3166
3480
1081
3470
462
2677
2069
3229
2339
3100
2952
820
3484
1982
1149
1150
3438
1319
1296
3391
116
2074
3110
2924
2730
3334
3354
3360
3468
2945
571
3012
1619
3185
2569
1980
882
1354
535
3463
3394
853
2321
2989
3355
2814
2853
2265
3490
3300
1987
78
3414
2846
1884
1000
3095
2288
2830
3214
3483
244
3093
278
798
2506
2828
560
3426
3491
2860
3311
2984
3364
1299
3349
3232
2835
2493
2967
3492
3233
1257
808
3476
3477
3318
2299
3451
118
2861
2429
3294
3219
3286
2572
3113
544
2341
3436
3365
2767
3187
3403
754
3085
3131
3008
3322
223
