1789
2369
3558
3234
213
3152
3282
3454
2795
295
3453
3551
2952
2963
1611
1612
3254
3073
166
2340
936
3312
3578
3547
3448
3286
3276
3569
3563
1511
1512
3571
3498
3559
9
459
2355
1546
729
1261
3283
3360
2714
121
945
571
2072
1956
2487
3014
3174
3579
118
3389
1834
3095
2730
588
1976
3237
2838
3019
1025
1001
282
3324
3058
3500
3317
2754
3574
3575
3581
2001
3189
2906
2943
2231
2922
3231
2093
3260
3562
671
1081
1492
3232
2120
24
3572
3527
3580
2051
1158
3421
1591
1163
1147
2245
2400
1533
3539
3346
1296
3548
598
3070
487
928
3520
1397
1596
3545
2265
2476
3455
1356
3582
770
3583
2597
2991
3470
3584
3585
3367
2638
1473
3386
2255
1802
440
3586
3540
511
2262
3445
1434
3587
544
932
962
3333
3577
3376
3530
3049
3265
3526
3516
255
3476
3477
2650
2751
3294
1153
3219
3437
3310
3541
1650
3514
473
1456
2299
2352
3220
3008
3187
3185
3380
1058
1568
1381
