2918
3123
3170
3038
539
3218
3359
3255
2783
3409
3250
3436
3057
2952
2963
3427
1093
3440
118
1674
2646
3412
2991
2827
1581
1496
1956
1973
2026
3360
752
3371
2045
3419
3415
3414
3421
3236
2855
3110
3417
459
2864
2953
2848
2772
2714
3446
2425
3355
3368
3429
820
3389
2657
1055
2905
2969
2630
2369
2265
3318
320
3430
598
567
770
2203
808
2559
3445
678
612
26
1759
876
396
2307
3438
282
2072
1150
639
3238
3088
2569
3232
3314
2922
3115
3376
3269
3394
2069
244
2235
2588
179
3166
2429
1081
2339
3448
2832
945
1483
1982
3449
3375
1163
1354
2924
910
3047
3434
3288
78
2799
3229
882
3300
221
3369
1319
2487
3317
3006
3450
535
2967
2751
2262
1001
2572
2989
3306
2814
3444
2436
3214
1261
3387
3441
1619
1983
2248
3403
2255
2846
1963
1364
1561
511
1161
3425
560
2730
2828
2861
3377
831
3426
2493
2178
3354
2437
3386
3332
3435
2638
215
1648
544
3219
3437
3310
3451
3452
3187
3418
1964
2517
3365
2574
3330
1568
3185
729
3453
3367
223
2816
255
