3330
2288
2918
2289
1473
2955
3038
3441
3427
3218
3558
1093
2442
3250
3123
3170
3440
2853
1182
3072
2869
1834
876
1612
1611
2574
986
3429
3536
166
3472
3499
2953
2864
2772
2848
1813
3537
2998
1600
3566
2714
3523
3547
3570
2783
2416
3551
3507
3313
63
970
3571
1983
3471
394
3318
3496
3358
3504
3513
2356
2001
2074
2905
2425
3208
2657
3572
1581
3448
1372
3221
2397
97
134
3026
3100
3082
2470
3534
2630
3450
2889
118
3574
3124
1871
1749
3314
2588
870
1976
3401
2339
2677
82
3527
3166
3012
2919
76
3001
2967
3115
3414
17
836
678
601
3464
2141
2924
3047
2476
2948
3069
1964
560
2814
2458
3042
1532
1354
3391
3229
2231
1943
3355
1106
3520
3384
982
2045
1401
487
3490
3548
3508
853
16
432
3524
1619
3575
2860
2861
3502
3214
3463
2984
1591
3576
1856
3110
2436
2989
3057
3563
3230
3349
244
2568
3545
3515
606
544
44
3451
41
3469
3510
3538
2506
2855
882
2997
215
2779
3423
1561
3364
302
2828
2638
1769
3514
3526
2307
3532
3233
567
3577
2555
2069
3560
3500
3561
2830
3541
2514
3426
2017
2835
2171
612
2250
3445
3418
1650
2341
3491
3298
3509
1985
3185
3503
1860
2523
2658
2668
3403
3371
2816
