6
26
78
134
167
185
213
235
238
295
432
523
525
539
560
567
571
606
799
836
981
1147
1150
1153
1224
1263
1483
1541
1600
1880
1963
1982
1983
1987
2058
2098
2244
2248
2355
2369
2396
2436
2514
2572
2586
2630
2648
2656
2671
2751
2832
2838
2846
2861
2875
2919
2924
2952
2963
2991
2997
2998
3019
3037
3057
3058
3069
3070
3073
3082
3083
3084
3124
3153
3170
3179
3189
3220
3230
3232
3234
3241
3242
3252
3254
3260
3271
3283
3284
3288
3293
3294
3296
3298
3306
3311
3314
3346
3349
3351
3358
3359
3368
3370
3371
3376
3377
3381
3384
3388
3391
3394
3398
3403
3404
3405
3407
3409
3410
3411
3412
3413
