3284
3234
2289
1473
3359
539
3072
2369
213
752
3409
3073
1805
3398
1657
2991
3368
1483
2998
3305
2245
78
1600
77
1147
2963
3296
2962
2141
3419
1871
62
567
2727
2714
3415
3355
3370
3254
3283
1546
3414
3221
571
3325
1093
3358
3174
3420
3257
3008
1759
2795
2113
2827
2956
2355
3421
1956
3042
606
3124
320
1001
1055
2922
3019
3189
3241
3242
3037
1813
3324
3307
3298
2458
2942
3110
3231
2730
3260
530
2235
396
2393
1676
2696
1512
1511
3314
2895
2073
2943
2569
3422
3237
3271
2671
2588
3393
3166
2832
3346
2650
3043
3044
3058
3391
2487
1982
2838
3069
1976
3312
1106
560
3369
2924
2203
2168
3014
1397
1596
2758
3423
3384
3230
1532
3012
3424
3311
2695
2656
276
3403
853
278
3288
2060
3253
3425
1955
2997
1081
3412
598
2523
1963
3371
2989
3394
2425
2779
3331
525
3252
3390
874
2799
2945
3196
1150
1983
3389
2568
432
3375
2528
3153
3348
3426
1843
780
2984
3349
3332
2828
2638
3226
2171
798
1332
3376
2493
1943
3233
3180
1305
926
3049
1884
2830
2178
1316
3293
1580
3294
255
1650
3113
1964
3167
1153
3418
2574
3286
3285
3380
3066
3195
3365
1058
3386
3185
2218
1568
754
3367
3088
1224
