1473
2918
2289
2783
3218
2442
2853
3427
3038
3250
1093
3072
3123
3170
3440
3152
3486
1401
1182
3460
3518
2955
2991
3330
3501
2024
97
1397
200
3471
3057
2772
2864
2848
245
2668
3499
102
3521
3453
396
752
3522
3515
3430
3189
3282
3500
3523
3507
2855
3506
3208
3434
2630
3524
3429
2677
3504
1973
2141
3298
2265
1769
2905
3153
698
17
3469
1163
3358
3525
3496
2470
2359
1749
2051
3498
340
2730
3526
280
936
3502
3454
770
2074
2307
3260
44
3110
1782
3314
1943
874
836
2458
2751
3364
3229
2416
1619
2889
3464
3455
2235
3511
2779
2164
3230
3257
2203
222
2588
2583
2671
1492
2919
3166
3527
2039
432
3448
1081
3480
2555
2792
2731
870
3508
3391
3484
3528
3273
3047
2645
2735
1964
1354
1880
2924
2810
3490
2835
3482
3214
2963
2997
3012
2523
2568
3100
3300
3450
3472
2425
1149
1150
3371
2060
3441
3463
2657
244
1161
1759
3355
2861
3476
3477
166
3513
2244
3529
2998
78
41
1983
2075
853
3070
3334
3354
882
2967
462
3509
3510
3491
2262
3406
2586
2656
1261
560
2832
2828
3393
1561
3115
3069
3318
2814
3492
544
3530
3531
894
1532
3380
1813
3306
2984
3049
3394
2288
3520
3233
1596
2572
3360
2638
2775
3426
3095
2299
2493
3376
3294
3532
3436
2945
3451
3365
3418
729
3403
567
3503
3517
3533
1884
3286
3519
3131
3085
1238
223
2816
